Bin Center[eV], Counts/eV
0.258409 263
0.275792 213
0.294344 235
0.314145 223
0.335278 212
0.357832 207
0.381903 168
0.407594 167
0.435013 166
0.464276 158
0.495508 117
0.528841 145
0.564416 117
0.602384 125
0.642906 96
0.686155 95
0.732312 105
0.781575 88
0.834152 67
0.890265 69
0.950153 72
1.01407 62
1.08229 67
1.15509 59
1.2328 56
1.31573 44
1.40423 38
1.4987 35
1.59951 32
1.70711 41
1.82195 32
1.94451 40
2.07532 32
2.21493 29
2.36393 28
2.52295 24
2.69267 33
2.8738 20
3.06712 14
3.27345 19
3.49365 11
3.72867 17
3.9795 20
4.2472 7
4.53291 10
4.83784 9
5.16328 10
5.51062 4
5.88132 11
6.27695 8
6.6992 7
7.14986 10
7.63083 2
8.14416 4
8.69201 1
9.27673 3
9.90077 2
10.5668 4
11.2776 4
12.0363 5
12.846 4
13.7101 2
14.6324 2
15.6167 1
16.6672 1
17.7884 0
18.9851 2
20.2622 1
21.6252 1
23.08 0
24.6326 1
26.2896 0
28.0581 0
29.9456 0
31.96 1
